 Model by Snow Racer (www.sr-x.tk}
--------------------- vehicles.ide ---------------------

475, 	sabre, 		sabre, 		car, 		SABRE,	 	SABRE, 		null,	normal,	4,	0, 0, -1, 0.8, 0.8,		-1

 --------------------- handling.cfg ---------------------

SABRE	1700.0	4000.0	1.5	0.0	0.1	0.0	70	0.60	0.70	0.53	5	180	27.0	15.0	R	P	8.0	0.52	0	35.0	0.85	0.12	2.5	0.10	-0.15	0.5	0.2	0.25	0.52	19000	0	208006	1	1	0

 --------------------- carcol.dat ---------------------

sabre, 2,1, 0,1, 17,1, 1,0, 33,0, 54,1, 85,1, 114,0, 119,0