SCORCH (with fenders)

carcols.dat
scorch, 93,53, 8,24, 98,75, 65,91, 44,37, 114,0, 75,3, 75,103

handling.cfg
SCORCH        100.0      60.0   5.0    0.0 0.05 -0.09 103 1.8 0.9  0.48 	4 130.0 28.0 15.0 R P 	19.0  0.50 0 35.0  	0.85 0.15  0.0   0.20 -0.10 0.5  0.0		0.0  0.15 10000 	41000000	2			1  1	10

!	SCORCH  	0.35	0.30	0.25	0.08	48.0	43.0	0.92	0.60	1.0		0.1		35.0	-35.0	-0.015	0.6		0.5

vehicles.ide
[ID],	scorch,		scorch,		bmx, 		SCORCH,	 	SCORCH, 	mtb,	bicycle,	7,	0,	0,		23, 0.68, 0.68,		-1

gtasa_vehicleAudioSettings.cfg:
scorch                                      2             19     18     2         0.7          1.0          0         1.0          -1          0          13         1           41                0.0

----------------------------------------------------------------------------------------------------------------------------------

SCORCH2 (without fenders)

carcols.dat
scorch2, 93,53, 8,24, 98,75, 65,91, 44,37, 114,0, 75,3, 75,103

handling.cfg
SCORCH2       100.0      60.0   5.0    0.0 0.05 -0.09 103 1.8 0.9  0.48 	4 130.0 28.0 15.0 R P 	19.0  0.50 0 35.0  	0.85 0.15  0.0   0.20 -0.10 0.5  0.0		0.0  0.15 10000 	41000000	2			1  1	10

!	SCORCH2  	0.35	0.30	0.25	0.08	48.0	43.0	0.92	0.60	1.0		0.1		35.0	-35.0	-0.015	0.6		0.5

vehicles.ide
[ID],	scorch2,	scorch2,	bmx, 		SCORCH2, 	SCORCH2, 	mtb,	bicycle,	7,	0,	0,		23, 0.68, 0.68,		-1

gtasa_vehicleAudioSettings.cfg:
scorch2                                     2             19     18     2         0.7          1.0          0         1.0          -1          0          13         1           41                0.0